0100 0000 0000 0000
0101 0000 0010 0000
0101 0010 0110 0000
0101 0100 1010 0000
0101 0110 1110 0000
0101 1001 0010 0000
0101 1011 0110 0000
0010 0000 0000 0100
0110 0000 0000 0000
0001 0000 0010 0000
0000 1011 1111 1101
1111 0000 0010 0101
0100 0000 0000 1100
0100 0000 0000 1110
0001 0001 0001 0001
0100 0000 0001 0000
0001 0001 0001 0001
0100 0000 0001 0010
0001 0001 0001 0001
0100 0000 0001 0100
0001 0001 0001 0001
0100 0000 0001 0110
0001 0001 0001 0001
0100 0000 0001 1000
0001 0001 0001 0001
0100 0000 0001 1010
0001 0001 0001 0001
0000 0000 0000 0000