0011000000000000
0100100010011000
0001011011100001
0110100011000000
0000010000000100
0001000011100000
0100100000000100
0100100010101110
0000111111111001
0010010010111110
1111000000100101
0001110110111101
0111100110000010
0111011110000001
0111111110000000
0001011000100000
0110100000000000
0100100001000111
0000010000001001
0100100000111011
0001001001100000
0000110000000110
0001010010100001
0100100010100101
0100100000101110
0100111111110001
0100100000110000
0001010010111111
0100100001000000
0001001001100000
0000001000001001
0100100000101111
0001001001100000
0000110000000110
0001010010100001
0100100010011001
0100100000100010
0100111111100101
0100100000100100
0001010010111111
0100100001010000
0000010000001001
0100100000100100
0001001001100000
0000110000000110
0001010010100001
0100100010001110
0100100000010111
0100111111011010
0100100000011001
0001010010111111
0100100001001010
0001001001100000
0000010000001001
0100100000011000
0001001001100000
0000110000000110
0001010010100001
0100100010000010
0100100000001011
0100111111001110
0100100000001101
0001010010111111
0001000011100000
0110111110000000
0001110110100001
0110011110000000
0001110110100001
0110100110000000
0001110110100001
1100000111000000
0010001010000001
0001100100000001
0111100011000000
1100000111000000
0010001001111110
0001100100000001
0111100011000000
1100000111000000
0001110110111111
0111010110000000
0110001000000000
0110010011000000
1001001001111111
0001001001100001
0001001001000010
0110010110000000
0001110110100001
1100000111000000
0010001001110011
0001000000000001
0110001000000000
1100000111000000
0010001001101110
0001000000000001
0001110110111100
0111000110000011
0111010110000010
0111011110000001
0111100110000000
0010000001101000
0010001001100101
0010010001101001
0001010010111111
1001010010111111
0001010010100001
0001011011000000
0001100011000010
0000110000000001
0000111111111100
0101001001100000
0001100100100000
0000100000000001
0001001001100001
0110100110000000
0110011110000001
0110010110000010
0110000110000011
0001110110100100
0001000000100001
1100000111000000
0001000000111111
0010001001010001
0001000001000000
0110001000000000
1100000111000000
0010001001001110
0001000000000001
0001110110111100
0111000110000011
0111010110000010
0111011110000001
0111100110000000
0010000001001001
0010010001001001
0001010010000000
1001010010111111
0001010010100001
0010000001000001
0001011011000000
0001100011000010
0000011000000001
0000111111111100
0101001001100000
0001100100100000
0000010000000001
0001001001100001
0110100110000000
0110011110000001
0110010110000010
0110000110000011
0001110110100100
0001000000111111
1100000111000000
0101000000100000
0101100100100000
0010110000110100
0010011000110010
0110001011111110
0110010011111111
0011001000101010
0011010000101010
0111000011111110
0111000011111111
0001000001000000
0001010010111111
0000001111111101
0011000000100111
0010010000100011
1001001001111111
0001001001100001
0011001000100010
1001010010111111
0001010010100001
0011010000011110
0101000000100000
0101001001100000
0001001001100001
0101010010100000
0001010010100001
0001011011111111
1100000111000000
0101000000100000
0101001001100000
0001001001100001
0101010010100000
0001010010100001
0010110000010101
1100000111000000
0001110110111111
0111001110000000
0010001000001000
1001001001111111
0001001001100001
0001001001000010
0000110000000001
0011010000000011
0110001110000000
0001110110100001
1100000111000000
0000000000000001
0000000100000000
1111111100000000
0000000000000010
0000000000000010
1111111111111110
1111111111111110
0000000000000100
0011000011010111
0100000000000000
0000000000000000
0000000000000000
0000000000000000
0000000000000000
0000000000000100
0000000000000100
0000000000000001
0000000000000010
0000000000000011
0000000000000100
0000000000001000
0000000000000111
0000000000000110
0000000000000101
0000000000001001
0000000000001010
0000000000001011
0000000000001100
0000000000010000
0000000000001111
0000000000001110
0000000000001101