0011000000000000
1110011000011011
1110100000011100
1110101000011101
0110001011000000
0110010100000000
0001000001000010
0111000101000000
0100100000000110
0110001011000001
0110010100000001
0001001001000010
0001000000000001
0111000101000001
1111000000100101
0011100000010011
0101000000100000
0101100001000010
0000100000000111
0001001001100000
0000100000000011
0001010010100000
0000100000000001
0000111000000011
0001100001000010
0000100000000001
0001000000100001
0010100000000111
1100000111000000
1111000000000000
0011000000000000
0001000000000000
0010000000000000
0000000000000000
0000000000000000
0000000000000000